10
11
12
13
16
17
18
19
13
14
15
16
0
1
2
3
21
22
23
24
18
19
20
21
23
24
25
26
26
27
28
29
19
20
21
22
11
12
13
14
28
29
30
31
4
5
6
7
22
23
24
25
5
6
7
8
31
0
1
2
27
28
29
30
3
4
5
6
8
9
10
11
14
15
16
17
25
26
27
28
15
16
17
18
7
8
9
10
17
18
19
20
29
30
31
0
24
25
26
27
20
21
22
23
1
2
3
4
6
7
8
9
12
13
14
15
9
10
11
12
2
3
4
5
30
31
0
1
24
25
26
27
2
3
4
5
31
0
1
2
7
8
9
10
13
14
15
16
26
27
28
29
14
15
16
17
18
19
20
21
22
23
24
25
5
6
7
8
19
20
21
22
12
13
14
15
17
18
19
20
27
28
29
30
10
11
12
13
11
12
13
14
6
7
8
9
1
2
3
4
0
1
2
3
4
5
6
7
3
4
5
6
8
9
10
11
15
16
17
18
23
24
25
26
29
30
31
0
25
26
27
28
9
10
11
12
21
22
23
24
20
21
22
23
30
31
0
1
16
17
18
19
28
29
30
31