0
1
2
3
4
5
6
7
2
5
4
7
8
9
10
11
14
17
16
19
22
25
24
27
28
31
30
1
24
27
26
29
8
11
10
13
20
23
22
25
20
21
22
23
30
31
0
1
16
17
18
19
28
29
30
31
10
11
12
13
16
17
18
19
12
15
14
17
0
1
2
3
20
23
22
25
18
19
20
21
22
25
24
27
26
27
28
29
18
21
20
23
10
13
12
15
28
29
30
31
4
5
6
7
22
23
24
25
4
7
6
9
30
1
0
3
26
29
28
31
2
5
4
7
8
9
10
11
14
15
16
17
24
27
26
29
14
17
16
19
6
9
8
11
16
19
18
21
28
31
30
1
24
25
26
27
20
21
22
23
0
3
2
5
6
7
8
9
12
13
14
15
8
11
10
13
2
3
4
5
30
31
0
1
24
25
26
27
2
3
4
5
30
1
0
3
6
9
8
11
12
15
14
17
26
27
28
29
14
15
16
17
18
19
20
21
22
23
24
25
4
7
6
9
18
21
20
23
12
13
14
15
16
19
18
21
26
29
28
31
10
11
12
13
10
13
12
15
6
7
8
9
0
3
2
5

